{
 "cells": [
  {
   "cell_type": "markdown",
   "metadata": {},
   "source": [
    "## Лабораторна робота 1.\n",
    "Вступ до машинного навчання. Елементи лінійної алгебри.\n",
    "1. Лабораторна робота здається у вигляді файла jupyter notebook .ipynb або файлу \n",
    "Colab.\n",
    "2. Назва лабораторної роботи – Прізвище_пр_номер.ipynb\n",
    "3. Номер варіанту відповідає номеру в Мія.\n",
    "4. Перед виконанням Обов’язково! Пишіть назву завдання у вигляді коментаря!\n",
    "Завдання без умови не перевіряються.\n",
    "5. Кожне завдання виконується в окремому рядку.\n",
    "6. В кінці лабораторної роботи обов’язково зробити Висновок у вигляді коментаря.\n",
    "7. Також обов’язково зробити репозиторій на GitHub «Машинне навчання». (Профіль \n",
    "на GitHub містить ваше прізвище). І разом із файлом надсилати посилання на гітхаб \n",
    "на відповідний файл."
   ]
  },
  {
   "cell_type": "markdown",
   "metadata": {},
   "source": [
    "Завдання 13"
   ]
  },
  {
   "cell_type": "code",
   "execution_count": 1,
   "metadata": {},
   "outputs": [],
   "source": [
    "import numpy as np"
   ]
  },
  {
   "cell_type": "markdown",
   "metadata": {},
   "source": [
    "1. Створіть дві матриці розміром 2x2, заповніть їх випадковими дійсними числами в \n",
    "діапазоні від 0 до 1 та знайдіть їх добуток.\n"
   ]
  },
  {
   "cell_type": "code",
   "execution_count": 2,
   "metadata": {},
   "outputs": [],
   "source": [
    "# Створення матриць\n",
    "matrix_2x2_a = np.random.rand(2, 2)\n",
    "matrix_2x2_b = np.random.rand(2, 2)"
   ]
  },
  {
   "cell_type": "code",
   "execution_count": 3,
   "metadata": {},
   "outputs": [
    {
     "name": "stdout",
     "output_type": "stream",
     "text": [
      "Матриця A:\n",
      " [[0.50832568 0.21483748]\n",
      " [0.73641768 0.55661629]]\n",
      "Матриця B:\n",
      " [[0.17787492 0.11563052]\n",
      " [0.48154371 0.6846569 ]]\n",
      "Добуток матриць A і B:\n",
      " [[0.19387203 0.20586793]\n",
      " [0.39902531 0.46624354]]\n"
     ]
    }
   ],
   "source": [
    "# Обчислення добутку\n",
    "product_2x2 = np.dot(matrix_2x2_a, matrix_2x2_b)\n",
    "print(\"Матриця A:\\n\", matrix_2x2_a)\n",
    "print(\"Матриця B:\\n\", matrix_2x2_b)\n",
    "print(\"Добуток матриць A і B:\\n\", product_2x2)"
   ]
  },
  {
   "cell_type": "markdown",
   "metadata": {},
   "source": [
    "2. Створіть дві матриці розміром 3x3, заповніть їх випадковими цілими числами в \n",
    "діапазоні від -5 до 5 та знайдіть їх добуток."
   ]
  },
  {
   "cell_type": "code",
   "execution_count": 4,
   "metadata": {},
   "outputs": [],
   "source": [
    "\n",
    "matrix_3x3_a = np.random.randint(-5, 6, (3, 3))\n",
    "matrix_3x3_b = np.random.randint(-5, 6, (3, 3))\n"
   ]
  },
  {
   "cell_type": "code",
   "execution_count": 5,
   "metadata": {},
   "outputs": [
    {
     "name": "stdout",
     "output_type": "stream",
     "text": [
      "Матриця A:\n",
      " [[-3 -5  1]\n",
      " [-1  4 -5]\n",
      " [ 0  2 -1]]\n",
      "Матриця B:\n",
      " [[ 0  2  3]\n",
      " [-1 -5 -2]\n",
      " [-2  4 -2]]\n",
      "Добуток матриць A і B:\n",
      " [[  3  23  -1]\n",
      " [  6 -42  -1]\n",
      " [  0 -14  -2]]\n"
     ]
    }
   ],
   "source": [
    "\n",
    "product_3x3 = np.dot(matrix_3x3_a, matrix_3x3_b)\n",
    "print(\"Матриця A:\\n\", matrix_3x3_a)\n",
    "print(\"Матриця B:\\n\", matrix_3x3_b)\n",
    "print(\"Добуток матриць A і B:\\n\", product_3x3)"
   ]
  },
  {
   "cell_type": "markdown",
   "metadata": {},
   "source": [
    "3. Створіть дві матриці розміром 4x4, заповніть їх випадковими дійсними числами в \n",
    "діапазоні від -1 до 1 та знайдіть їх добуток."
   ]
  },
  {
   "cell_type": "code",
   "execution_count": 6,
   "metadata": {},
   "outputs": [],
   "source": [
    "\n",
    "matrix_4x4_a = np.random.uniform(-1, 1, (4, 4))\n",
    "matrix_4x4_b = np.random.uniform(-1, 1, (4, 4))"
   ]
  },
  {
   "cell_type": "code",
   "execution_count": 7,
   "metadata": {},
   "outputs": [
    {
     "name": "stdout",
     "output_type": "stream",
     "text": [
      "Матриця A:\n",
      " [[ 0.343008   -0.29115667  0.82350116  0.47282168]\n",
      " [-0.500256   -0.36531105  0.00703337  0.07821815]\n",
      " [-0.94846859 -0.3911988  -0.46825883  0.56378692]\n",
      " [-0.89930825 -0.15569375 -0.79474277  0.20826865]]\n",
      "Матриця B:\n",
      " [[ 0.24051117  0.30007396  0.78100186 -0.65062716]\n",
      " [-0.49729609  0.23254254  0.27823793  0.90978015]\n",
      " [ 0.77134942 -0.66863482  0.4907368  -0.32588253]\n",
      " [ 0.59324368  0.31243752  0.66976474  0.94174579]]\n",
      "Добуток матриць A і B:\n",
      " [[ 1.14299394 -0.36767286  0.90768067 -0.31114569]\n",
      " [ 0.1131782  -0.21532863 -0.43650497  0.06449696]\n",
      " [-0.06030381  0.11366125 -0.70178932  0.94473585]\n",
      " [-0.6283381   0.29039922 -0.99619985  0.89859619]]\n"
     ]
    }
   ],
   "source": [
    "product_4x4 = np.dot(matrix_4x4_a, matrix_4x4_b)\n",
    "print(\"Матриця A:\\n\", matrix_4x4_a)\n",
    "print(\"Матриця B:\\n\", matrix_4x4_b)\n",
    "print(\"Добуток матриць A і B:\\n\", product_4x4)"
   ]
  },
  {
   "cell_type": "markdown",
   "metadata": {},
   "source": [
    "4. Створіть дві матриці розміром 5x5, заповніть їх випадковими цілими числами в \n",
    "діапазоні від 1 до 10 та знайдіть суму їх елементів."
   ]
  },
  {
   "cell_type": "code",
   "execution_count": 8,
   "metadata": {},
   "outputs": [],
   "source": [
    "matrix_5x5_a = np.random.randint(1, 11, (5, 5))\n",
    "matrix_5x5_b = np.random.randint (1, 11, (5, 5))"
   ]
  },
  {
   "cell_type": "code",
   "execution_count": 9,
   "metadata": {},
   "outputs": [
    {
     "name": "stdout",
     "output_type": "stream",
     "text": [
      "Матриця A:\n",
      " [[10  3  1  7  6]\n",
      " [ 6  5  5  1  8]\n",
      " [ 6  4  5 10  4]\n",
      " [10  9  3  8  1]\n",
      " [10  1  8 10  7]]\n",
      "Матриця B:\n",
      " [[4 6 4 2 9]\n",
      " [2 3 2 3 1]\n",
      " [1 7 2 8 9]\n",
      " [2 7 7 5 6]\n",
      " [3 4 2 7 4]]\n",
      "Сума елементів матриць A і B: 258\n"
     ]
    }
   ],
   "source": [
    "sum_5x5 = np.sum(matrix_5x5_a) + np.sum(matrix_5x5_b)\n",
    "print(\"Матриця A:\\n\", matrix_5x5_a)\n",
    "print(\"Матриця B:\\n\", matrix_5x5_b)\n",
    "print(\"Сума елементів матриць A і B:\", sum_5x5)"
   ]
  },
  {
   "cell_type": "markdown",
   "metadata": {},
   "source": [
    "5. Створіть дві матриці розміром 6x6, заповніть їх випадковими дійсними числами в \n",
    "діапазоні від 0 до 1 та знайдіть різницю їх елементів."
   ]
  },
  {
   "cell_type": "code",
   "execution_count": 10,
   "metadata": {},
   "outputs": [],
   "source": [
    "matrix_6x6_a = np.random.rand(6, 6)\n",
    "matrix_6x6_b = np.random.rand(6, 6)"
   ]
  },
  {
   "cell_type": "code",
   "execution_count": 11,
   "metadata": {},
   "outputs": [
    {
     "name": "stdout",
     "output_type": "stream",
     "text": [
      "Матриця A:\n",
      " [[0.77476307 0.00633757 0.07751934 0.22928652 0.19915106 0.73323727]\n",
      " [0.92511635 0.81121076 0.57920378 0.02507462 0.38686376 0.24883386]\n",
      " [0.40121951 0.81113452 0.26483968 0.99200977 0.58660437 0.63564442]\n",
      " [0.15762096 0.04615789 0.13529522 0.3111777  0.00541934 0.20532201]\n",
      " [0.50474633 0.67761816 0.31511328 0.73513159 0.90977077 0.09109231]\n",
      " [0.59347612 0.27950515 0.95102753 0.15465155 0.58396568 0.6027152 ]]\n",
      "Матриця B:\n",
      " [[0.24423384 0.7439393  0.84836683 0.38224363 0.57522666 0.20625068]\n",
      " [0.58516941 0.64554065 0.39365858 0.52393943 0.87978751 0.36794432]\n",
      " [0.12773658 0.56641783 0.89389679 0.30642067 0.76609842 0.95491637]\n",
      " [0.13378154 0.30780634 0.42756288 0.00409467 0.23848907 0.40152714]\n",
      " [0.93970773 0.42539351 0.17670755 0.76536572 0.27580108 0.6627413 ]\n",
      " [0.64305836 0.2278067  0.91367312 0.32443612 0.82335126 0.8960104 ]]\n",
      "Різниця матриць A і B:\n",
      " [[ 0.53052923 -0.73760173 -0.77084749 -0.15295711 -0.37607559  0.52698659]\n",
      " [ 0.33994694  0.16567011  0.18554521 -0.49886481 -0.49292375 -0.11911046]\n",
      " [ 0.27348293  0.24471669 -0.62905711  0.6855891  -0.17949405 -0.31927195]\n",
      " [ 0.02383942 -0.26164844 -0.29226766  0.30708303 -0.23306973 -0.19620514]\n",
      " [-0.43496139  0.25222466  0.13840572 -0.03023413  0.6339697  -0.57164899]\n",
      " [-0.04958224  0.05169845  0.03735441 -0.16978457 -0.23938558 -0.2932952 ]]\n"
     ]
    }
   ],
   "source": [
    "difference_6x6 = matrix_6x6_a - matrix_6x6_b\n",
    "print(\"Матриця A:\\n\", matrix_6x6_a)\n",
    "print(\"Матриця B:\\n\", matrix_6x6_b)\n",
    "print(\"Різниця матриць A і B:\\n\", difference_6x6)"
   ]
  },
  {
   "cell_type": "markdown",
   "metadata": {},
   "source": [
    "6. Створіть дві матриці розміром 7x7, заповніть їх випадковими цілими числами в \n",
    "діапазоні від -10 до 10 та знайдіть суму їх елементів"
   ]
  },
  {
   "cell_type": "code",
   "execution_count": 12,
   "metadata": {},
   "outputs": [],
   "source": [
    "matrix_7x7_a = np.random.randint(-10, 11, (7, 7))\n",
    "matrix_7x7_b = np.random.randint(-10, 11, (7, 7))"
   ]
  },
  {
   "cell_type": "code",
   "execution_count": 13,
   "metadata": {},
   "outputs": [
    {
     "name": "stdout",
     "output_type": "stream",
     "text": [
      "Матриця A:\n",
      " [[ -3   9  -1   9  -4   7  -6]\n",
      " [ 10   6  -5  -6  -8  -7  -3]\n",
      " [ -9  -1   1   2  -3  -9   7]\n",
      " [  7  -3  -9  -5   3  -9   2]\n",
      " [ -1  -3  -7  -1  -3  -9   8]\n",
      " [ -8   0   4   3  -6  10   3]\n",
      " [  1  10   6   6   7 -10   4]]\n",
      "Матриця B:\n",
      " [[ 10  -2   1   9   3  -4  -4]\n",
      " [ -2   5  -5   3   3   5  -1]\n",
      " [  8  -4 -10   5  -2   4   2]\n",
      " [  6   0  -5   5  -8  -9   2]\n",
      " [  5  -3  -1 -10   1   6 -10]\n",
      " [ -4   5   4  10  -2  -3   2]\n",
      " [ -1   6  -6  -8   3  -2  -8]]\n",
      "Сума елементів матриць A і B: -15\n"
     ]
    }
   ],
   "source": [
    "sum_7x7 = np.sum(matrix_7x7_a) + np.sum(matrix_7x7_b)\n",
    "print(\"Матриця A:\\n\", matrix_7x7_a)\n",
    "print(\"Матриця B:\\n\", matrix_7x7_b)\n",
    "print(\"Сума елементів матриць A і B:\", sum_7x7)"
   ]
  },
  {
   "cell_type": "markdown",
   "metadata": {},
   "source": [
    "7. Створіть дві матриці розміром 8x8, заповніть їх випадковими дійсними числами в \n",
    "діапазоні від -1 до 1 та знайдіть різницю їх елементів."
   ]
  },
  {
   "cell_type": "code",
   "execution_count": 14,
   "metadata": {},
   "outputs": [],
   "source": [
    "matrix_8x8_a = np.random.uniform(-1, 1, (8, 8))\n",
    "matrix_8x8_b = np.random.uniform(-1, 1, (8, 8))"
   ]
  },
  {
   "cell_type": "code",
   "execution_count": 15,
   "metadata": {},
   "outputs": [
    {
     "name": "stdout",
     "output_type": "stream",
     "text": [
      "Матриця A:\n",
      " [[ 0.87968329 -0.62095211  0.90480153  0.69722587  0.19467559 -0.3751697\n",
      "   0.22991366  0.37984353]\n",
      " [ 0.08274348 -0.83338987  0.66733252 -0.56245669  0.88089433 -0.64910347\n",
      "   0.92308818  0.6718973 ]\n",
      " [ 0.52483174 -0.24606889 -0.61509749  0.78363249 -0.53505318  0.04476224\n",
      "   0.7355531  -0.38324632]\n",
      " [-0.49763293 -0.49065084  0.33617506  0.35968071 -0.78715221  0.53122716\n",
      "   0.4998063  -0.71661717]\n",
      " [-0.24061569 -0.79052092 -0.90656711  0.26117451  0.93061308 -0.0322186\n",
      "  -0.88949587  0.10484583]\n",
      " [-0.94113112 -0.32978881 -0.68843227 -0.71013005  0.69724619 -0.92017156\n",
      "   0.05825901 -0.4542631 ]\n",
      " [-0.10460374 -0.51445012  0.61381015  0.72157648 -0.40301152 -0.79634842\n",
      "  -0.29063334  0.36071191]\n",
      " [ 0.30296621 -0.97788267  0.75534592 -0.53251889  0.01816001  0.51480939\n",
      "  -0.07588561 -0.62615876]]\n",
      "Матриця B:\n",
      " [[-0.37808704  0.16610172  0.96425841  0.47365527 -0.08796384 -0.06479934\n",
      "  -0.34927191 -0.79767357]\n",
      " [ 0.58956369 -0.09332226 -0.93876655  0.28143315  0.55076179  0.88569165\n",
      "  -0.68194174  0.8996786 ]\n",
      " [-0.06596054  0.30309165 -0.19102972 -0.06880437 -0.82322479  0.99620695\n",
      "  -0.43421539  0.77574456]\n",
      " [-0.99233709 -0.92408903 -0.45718653  0.81651576  0.94858475 -0.02099734\n",
      "   0.42567926  0.440733  ]\n",
      " [ 0.48405981  0.0810741  -0.69113369  0.47558322 -0.54942719 -0.36427931\n",
      "  -0.93638466  0.30620515]\n",
      " [ 0.04837388 -0.62447637 -0.34453112 -0.53530279  0.30810243  0.197683\n",
      "  -0.09401895 -0.14635029]\n",
      " [-0.74572939 -0.84319194 -0.12972462 -0.39177368 -0.43411062 -0.63302326\n",
      "  -0.05521486 -0.9705329 ]\n",
      " [-0.37943951  0.39156257  0.23122196  0.75678419 -0.28447617  0.5792343\n",
      "  -0.9884483  -0.50400213]]\n",
      "Різниця матриць A і B:\n",
      " [[ 1.25777034 -0.78705383 -0.05945689  0.22357061  0.28263944 -0.31037037\n",
      "   0.57918557  1.1775171 ]\n",
      " [-0.50682021 -0.74006761  1.60609907 -0.84388984  0.33013255 -1.53479512\n",
      "   1.60502993 -0.2277813 ]\n",
      " [ 0.59079229 -0.54916053 -0.42406778  0.85243686  0.28817161 -0.95144471\n",
      "   1.16976848 -1.15899088]\n",
      " [ 0.49470416  0.4334382   0.79336159 -0.45683505 -1.73573696  0.5522245\n",
      "   0.07412704 -1.15735017]\n",
      " [-0.72467549 -0.87159502 -0.21543342 -0.21440871  1.48004027  0.33206071\n",
      "   0.0468888  -0.20135933]\n",
      " [-0.989505    0.29468756 -0.34390115 -0.17482727  0.38914375 -1.11785456\n",
      "   0.15227795 -0.30791281]\n",
      " [ 0.64112565  0.32874182  0.74353477  1.11335016  0.03109911 -0.16332516\n",
      "  -0.23541848  1.33124482]\n",
      " [ 0.68240572 -1.36944524  0.52412396 -1.28930308  0.30263618 -0.06442491\n",
      "   0.91256269 -0.12215663]]\n"
     ]
    }
   ],
   "source": [
    "difference_8x8 = matrix_8x8_a - matrix_8x8_b\n",
    "print(\"Матриця A:\\n\", matrix_8x8_a)\n",
    "print(\"Матриця B:\\n\", matrix_8x8_b)\n",
    "print(\"Різниця матриць A і B:\\n\", difference_8x8)"
   ]
  },
  {
   "cell_type": "markdown",
   "metadata": {},
   "source": [
    "8. Створіть дві матриці розміром 9x9, заповніть їх випадковими цілими числами в \n",
    "діапазоні від 1 до 5 та знайдіть їх добуток.\n"
   ]
  },
  {
   "cell_type": "code",
   "execution_count": 16,
   "metadata": {},
   "outputs": [],
   "source": [
    "matrix_9x9_a = np.random.randint(1, 6, (9, 9))\n",
    "matrix_9x9_b = np.random.randint(1, 6, (9, 9))"
   ]
  },
  {
   "cell_type": "markdown",
   "metadata": {},
   "source": [
    "product_9x9 = np.dot(matrix_9x9_a, matrix_9x9_b)\n",
    "print(\"Матриця A:\\n\", matrix_9x9_a)\n",
    "print(\"Матриця B:\\n\", matrix_9x9_b)\n",
    "print(\"Добуток матриць A і B:\\n\", product_9x9)"
   ]
  },
  {
   "cell_type": "markdown",
   "metadata": {},
   "source": [
    "9. Створіть дві матриці розміром 10x10, заповніть їх випадковими дійсними числами в \n",
    "діапазоні від -2 до 2 та знайдіть їх добуток."
   ]
  },
  {
   "cell_type": "code",
   "execution_count": 17,
   "metadata": {},
   "outputs": [],
   "source": [
    "matrix_10x10_a = np.random.uniform(-2, 2, (10, 10))\n",
    "matrix_10x10_b = np.random.uniform(-2, 2, (10, 10))"
   ]
  },
  {
   "cell_type": "code",
   "execution_count": 18,
   "metadata": {},
   "outputs": [
    {
     "name": "stdout",
     "output_type": "stream",
     "text": [
      "Матриця A:\n",
      " [[-1.18381645 -1.80189212  0.85129932 -0.16372594  1.09406928  0.13241018\n",
      "   0.80213666 -1.30022642 -1.49070827  0.13706338]\n",
      " [-1.94183307 -0.05626668  0.18092957 -0.54956074 -1.88689502 -0.09908649\n",
      "   0.70785623 -0.81522084  1.02057953  1.10299792]\n",
      " [ 1.12057281 -1.13757482  0.06304619 -1.9125333  -0.03410105  1.08035285\n",
      "  -1.4529789  -1.5425444  -1.97307077 -0.98890376]\n",
      " [-0.57880633 -1.88463791  1.20442825  1.71175837  0.58660184 -0.47106972\n",
      "  -0.31900025  1.29826791 -1.01530464 -0.90369991]\n",
      " [ 0.53552772 -1.39497398  1.38778712 -1.50665684 -1.80594844 -0.98759565\n",
      "  -0.64062762 -1.51070628 -1.80867355  0.28028784]\n",
      " [ 0.76770258  0.92593955  1.26306845  0.51019916  0.99283157  1.35330458\n",
      "  -1.89590166 -1.74145721  1.66056072  1.74555114]\n",
      " [-1.35436288 -1.41700575 -1.22222057 -1.47507063  1.66560742  1.42524783\n",
      "   1.71629817 -0.3161646  -0.36594505 -0.36470803]\n",
      " [-1.91935824  1.05302373  0.61794206 -1.18956134 -0.12636013 -1.75357884\n",
      "  -1.26597306  0.14924461 -1.74657406 -0.63754939]\n",
      " [ 1.12982483 -1.17861885  0.88417814 -1.33916253 -0.54217812  0.60413106\n",
      "   1.91644866 -0.16233969 -0.9939839  -0.34376679]\n",
      " [-0.8869623  -0.64659555  0.62623586 -1.73968622 -0.97152756  0.22429219\n",
      "  -0.92499033  0.50254407  0.88353479  1.26231463]]\n",
      "Матриця B:\n",
      " [[-1.39862069 -1.56300993 -1.98654761  1.90247384  1.74165982  1.98079207\n",
      "  -1.96222236 -1.37400282  0.89501118  0.58471962]\n",
      " [ 1.48095035  1.91131139 -1.97164162  0.53977934  1.50918334  0.20987582\n",
      "  -1.53253149 -1.76269308  1.85476471  0.38835544]\n",
      " [ 1.35149499 -1.05005261  1.81463802 -0.89196465 -1.7720936  -1.08276445\n",
      "  -0.96736931 -0.5361558   1.39011436 -0.71294367]\n",
      " [-0.20769366  0.2685675   0.46858077 -0.74476317 -1.88256094 -0.34103463\n",
      "   0.81446846  1.92190684  1.87112533 -0.67902671]\n",
      " [ 0.17777751 -1.47403016 -1.07126244  0.17089984 -0.8690444  -0.08169055\n",
      "   1.34989962  0.90078678  0.55919862 -1.34329678]\n",
      " [ 0.08086681  0.64456623  0.50010135  0.84157204  1.69928224 -0.17077133\n",
      "   1.53481337  1.93251593  0.11960453 -0.8897616 ]\n",
      " [-0.25096403  0.39128539  0.87317999  1.49372635 -0.61895367 -0.4473985\n",
      "  -0.5677589   1.45319537 -0.28735796  1.38454134]\n",
      " [-1.7725804  -1.70421651 -0.24571813  1.96840997 -0.21373156  0.94412202\n",
      "  -1.92214896 -0.30763426  0.66559636 -0.04907618]\n",
      " [-1.58669831  1.00577734 -0.72020366  0.81277664  1.36263241  0.57986867\n",
      "  -1.04864834  1.15580093  1.96287206  0.35800651]\n",
      " [-0.56657147 -1.75074682  1.25877605  0.9225859   1.06259549 -1.56754442\n",
      "   0.4751652   0.63219731 -1.39474804  0.1937679 ]]\n",
      "Добуток матриць A і B:\n",
      " [[  4.76803404  -3.26843677   8.53270224  -6.01015297  -8.81157215\n",
      "   -6.3666903    9.47977082   5.20240732  -7.11008913  -2.80792601]\n",
      " [  1.67088418   6.06914613   7.48289883  -2.58283868   1.01727131\n",
      "   -5.91915672   1.19367641   2.87922005  -3.96726159   3.30888168]\n",
      " [  4.10166391  -1.95179683  -0.90161114  -3.93338978   3.0786863\n",
      "    1.98287974   4.92708277  -5.72948906  -7.59061148  -2.28229546]\n",
      " [ -0.74131049  -6.44711502   5.9854858   -4.34373574 -12.94324929\n",
      "   -1.20110054   2.64285111   3.77168402   1.35860453  -4.50418533]\n",
      " [  4.52234132  -3.32563524   6.40688273  -6.13174403  -2.3515543\n",
      "   -2.53247669  -0.1388641   -7.83143005  -8.88856785   1.70364157]\n",
      " [  2.12343954  -0.37048487  -1.43265056  -1.53744895   6.63579273\n",
      "   -2.70806663   3.19738182   1.92942      6.04256902  -4.58300381]\n",
      " [ -0.22139895   0.24012182   2.88451574   1.63877837  -0.46107014\n",
      "   -2.2400064    9.08972249   8.37152077  -8.11083653  -0.78465105]\n",
      " [  8.34753869   1.71006507   0.8723071   -7.85073865  -5.78502066\n",
      "   -2.84056307  -0.31571466  -9.64650375  -3.48789702  -1.12508451]\n",
      " [ -0.32138591  -3.48947229   3.9357023    3.55579053  -0.23022225\n",
      "    0.38285605  -2.05843326  -0.37479645  -4.81277009   2.91154485]\n",
      " [ -1.43970871  -1.9374194    4.53246445   0.21359706   3.88051486\n",
      "   -2.51440132  -1.02609601  -1.44209677  -4.32025607   0.3261296 ]]\n"
     ]
    }
   ],
   "source": [
    "product_10x10 = np.dot(matrix_10x10_a, matrix_10x10_b)\n",
    "print(\"Матриця A:\\n\", matrix_10x10_a)\n",
    "print(\"Матриця B:\\n\", matrix_10x10_b)\n",
    "print(\"Добуток матриць A і B:\\n\", product_10x10)"
   ]
  },
  {
   "cell_type": "markdown",
   "metadata": {},
   "source": [
    "10. Створіть дві матриці розміром 2x2, заповніть їх випадковими цілими числами в \n",
    "діапазоні від 1 до 10 та знайдіть різницю їх елементів.\n"
   ]
  },
  {
   "cell_type": "code",
   "execution_count": 19,
   "metadata": {},
   "outputs": [],
   "source": [
    "matrix_2x2_int_a = np.random.randint(1, 11, (2, 2))\n",
    "matrix_2x2_int_b = np.random.randint(1, 11, (2, 2))"
   ]
  },
  {
   "cell_type": "code",
   "execution_count": 20,
   "metadata": {},
   "outputs": [
    {
     "name": "stdout",
     "output_type": "stream",
     "text": [
      "Матриця A:\n",
      " [[7 6]\n",
      " [9 9]]\n",
      "Матриця B:\n",
      " [[7 4]\n",
      " [6 1]]\n",
      "Різниця матриць A і B:\n",
      " [[0 2]\n",
      " [3 8]]\n"
     ]
    }
   ],
   "source": [
    "difference_2x2_int = matrix_2x2_int_a - matrix_2x2_int_b\n",
    "print(\"Матриця A:\\n\", matrix_2x2_int_a)\n",
    "print(\"Матриця B:\\n\", matrix_2x2_int_b)\n",
    "print(\"Різниця матриць A і B:\\n\", difference_2x2_int)"
   ]
  },
  {
   "cell_type": "markdown",
   "metadata": {},
   "source": []
  }
 ],
 "metadata": {
  "kernelspec": {
   "display_name": "Python 3",
   "language": "python",
   "name": "python3"
  },
  "language_info": {
   "codemirror_mode": {
    "name": "ipython",
    "version": 3
   },
   "file_extension": ".py",
   "mimetype": "text/x-python",
   "name": "python",
   "nbconvert_exporter": "python",
   "pygments_lexer": "ipython3",
   "version": "3.12.1"
  }
 },
 "nbformat": 4,
 "nbformat_minor": 2
}
